0.0,1208.3062815709272,1589.989248995145,4729.147495818504,3005.885113738458,4157.310938362365,3597.966564596491,6617.0311737615675,1974.128751773792,1859.3562286349998,6900.53446899932,5291.6962999340085,2870.6569091859446,3490.2237564272905,4328.002396523495,5891.394889427902,2619.6478881925113,754.316588765215,3623.1828034438827,7842.277085034827,7750.63614446517,1629.3339398768435,4999.255560224811,2786.484492391228,3006.7302765972972,1917.332831168545,3110.335690314009,8514.449459609228,2728.418645342972,2996.0111782587137,60.323012029428746,6572.421476635026,6804.192069367574,1294.198380756727,2576.672107545745,7840.8436956339265,6815.783628647301,4514.417802080076,5874.493346131076,1764.7828692448409,4043.587300390131,5537.2008387364995,7578.995396909594,4399.1916037491565,9090.337637127905,9466.929178947,1663.090441080703,1366.2878166372684,2710.1921497272797,2733.0777578648404,8193.064125224802,2715.8682315471533,1168.5200312997792,3056.6603960098664,207.45925608122565,2479.5087347979993,1574.081641379102,2030.0561191508841,2866.9762344196174,6505.832576908958,8553.395261435235,6505.0228796375595,1224.3219978201257,2324.4001955401286,7010.373131172671,3057.332987151676,2692.847193104399,2468.5989227928417,1438.7817517077963,6673.864812471434,2586.8897287748728,3889.5517103159414,1759.5851931071409,1904.5468310194972,1873.1120623346446,3316.7349929356837,611.0630386685955,1619.255943266533,5775.505508838507,1831.0673199828677,9546.066033057927,3633.585500239708,4985.398861778265,1183.3361946042507,271.75656447291533,306.7853250672971,2106.521079096653,4620.840383139622,1043.4508140983996,3427.656885125942,7578.071890589692,2922.0031967697537,1543.648382717727,3343.7566254223807,1678.9316434539355,3835.2716118828625,1116.6780008218211,5976.033391882466,2806.396192281478
1208.3062815709272,0.0,390.9414075432233,3736.7214186420265,1883.6572076534749,3015.8318383246633,2509.876976177562,7050.797913314941,765.9683094439475,749.0717635747908,7885.470422168585,5593.87530806055,1735.4787809078318,2283.6099486122785,3391.1392764018815,6861.274569067601,1485.4408458402988,463.03622286087443,2471.3482851621607,8987.870631448204,8102.614310736186,2757.985787428979,3793.543453923029,1867.1561501426709,1853.4609014227603,777.8177850290284,2144.968123858796,9716.905701958865,1546.8499981834398,1817.1668998590326,1265.9523745761608,7763.28810599729,8002.538684784248,85.90029550539367,1380.2923857611374,8856.089598119413,7469.550440975043,3352.6377054946815,6233.805843368632,570.9082940774442,2901.272629629846,5873.114393048473,7780.1979597012205,3192.1539275733962,9220.986724667546,9600.605498309344,807.338716319489,190.58540288535036,1645.205254995828,1676.6129590529367,9305.44317369263,1507.9122167196415,470.1773670803962,3439.6689855508776,1409.5466922798985,1284.600069800571,429.9765529730858,839.0448024343449,1862.5864280596088,7067.343572359938,9122.659144138255,7124.763755126095,208.16838288413888,1116.700255550355,7146.371123992201,1854.2940375540825,1485.7728605235832,1260.4054226359922,623.7959452229405,6905.396210250765,1451.3772757884894,2707.7564309573677,776.9948372463509,709.1236015453673,720.1951376283196,2116.145915781923,650.6689428081783,768.230619072738,6610.103126101211,753.0240976175052,9576.933050218082,2467.743956221875,3781.2140192328375,148.7705814086912,1433.5600586850508,1483.3063686533842,919.546808494224,3627.505447765337,165.21173741074617,2245.875257637868,8583.724044379449,1714.415424708672,712.1311313671657,2135.470973306123,470.62684824755144,2631.95596127357,139.3559865776752,6210.5537860425675,1607.9168378056668
1589.989248995145,390.9414075432233,0.0,3385.1182325978334,1613.153078356554,2711.2942305393385,2137.8399611648965,7295.361993326929,403.8571063663093,592.0907234010436,8253.76011342061,5815.350069272881,1458.012729128982,1900.6836428373408,3058.950925411168,7228.611086643236,1218.4617722549333,836.5073963549786,2164.375178469318,9377.951323223571,8317.910967816844,3101.104041634639,3424.931517846414,1739.1487281653765,1555.6931181355858,573.6677390362734,1975.6671012870338,10084.501034691379,1156.1224980720554,1493.325399174972,1646.4195308657484,8121.982650283925,8366.956899232846,308.0741761356507,1040.0954621922392,9228.499429520223,7767.529093508346,3029.9458281658362,6464.71594250568,180.27121508773743,2514.613444517181,6100.933608041112,7765.972505322833,2809.7500861998815,9363.903028438885,9741.74867459752,862.3518385920812,226.0073935598074,1430.9132222236235,1467.269889128429,9692.323612233628,1137.5669065414318,747.9042732740655,3547.0165561737717,1793.6383863657313,949.2281107548657,354.8787756629991,448.16723405449267,1681.0196216957384,7344.70823613905,9391.371619085332,7416.1890061199665,396.2686360648204,751.3155146588426,7306.692792479778,1496.155143006489,1119.805971751307,884.3540387714596,768.2240477862858,7095.459913761744,1184.6807503278262,2316.8154904971184,745.6738170530863,318.23225213376264,507.4136366153822,1760.68197065083,1006.9884245298132,838.0550778801147,6952.210488826404,634.3255027185621,9686.531435695422,2077.928211055138,3415.3114603967933,478.09339942470723,1821.741683547813,1870.8545081108346,616.125144429372,3276.286454141873,554.0778178088633,1913.2430810219473,8954.759025482444,1334.0341967324098,812.9410785532823,1760.1218757790334,134.38702562749626,2269.786606247529,514.3998480518211,6407.51993262311,1260.385859653192
4729.147495818504,3736.7214186420265,3385.1182325978334,0.0,3401.9956729509827,3382.7815776167436,1297.1014425288383,10436.856214184852,3188.629742359559,3626.1686911843244,11609.430076515568,8915.68615934828,3343.7399534501865,2249.789995024204,472.368613162377,10588.784349522792,3381.2510633858215,4059.3561080009235,3220.019170872084,12474.980415154256,11301.939273705662,5720.3059977291105,2638.0507157664383,4127.494407006365,3225.8095789820936,3537.3574066652127,4058.5230316276647,12322.338408099458,2383.1441550006875,3044.56776583889,4769.209180049581,10374.12372658956,10689.270585165115,3669.5964281891393,3018.4286647452573,12565.269299917023,11077.193969755104,3281.6545350114784,9578.232243256767,3220.088117778975,1242.7739329168026,9214.61005397763,6486.035320595075,2113.1473544203627,11898.030988973114,12236.754108946461,4066.467775362905,3546.346704091753,3651.960282416623,3683.277701861167,12881.973529842306,2758.1368908636446,4129.902406953262,4393.104124911628,4928.969708324358,3072.640834593063,3651.66440316048,2987.290075015798,3877.0312320311446,10599.506495208385,12579.840608242823,10711.51184909193,3610.0193229443753,2985.3413762271894,10071.1369764375,2747.8670559757065,2805.5488765533973,2838.531599935231,4084.2476980975516,10014.249652389888,3380.8528269681865,1667.9811715144951,3880.0951914820484,3108.970040498205,3516.4299618852488,2720.404902722697,4137.6035488313255,4067.171753947871,10336.596345557527,3700.8712617687265,11984.340720590146,1648.6224680175894,2698.7483210832734,3855.1950623382304,4999.304644685587,5035.799601832939,3292.1059822874035,109.31510706304522,3872.170146608934,2952.5771725500417,12298.59900711738,2546.541297162971,4081.7212035076996,2448.553350902047,3383.7633809640515,2579.0002964185073,3874.9785032394548,9388.11361645682,2905.800020287336
3005.885113738458,1883.6572076534749,1613.153078356554,3401.9956729509827,0.0,1152.1682586507047,2181.7469767400216,7065.790164751685,1241.1357639966643,1152.5210601712054,8841.121341476208,5547.542313937325,157.65923656303337,1169.208893772641,3287.3042003114747,7839.589744427497,398.6467762865306,2327.0965740382085,633.1139933918363,10316.581689944884,7899.983230724539,4618.222968864987,2179.236430684062,750.162256030536,178.3440364828209,1108.078994920886,666.3636316339686,11462.164612035152,1296.8184372844792,366.57748718696854,3066.207287283321,9559.67855535794,9774.922932790141,1808.508565871533,682.0031356063672,9834.201554827217,7818.905228392245,1521.3033677810545,6206.48961962101,1516.6619932001483,2183.7527795494548,5847.3632516271855,9016.90756390241,1818.647079578638,8596.838184204684,8955.956285100157,1398.070137636956,1807.8926816295261,364.70385628355996,370.19493422379327,10519.91307519844,831.0489578861981,1846.2966304021368,5086.789770330494,3182.7747756921576,732.3596072675838,1460.655482824093,1384.5602220941616,486.7216772785112,7291.265277539335,9206.285746011707,7442.35240517715,1989.563006248338,986.8057959518313,6684.695180148157,663.5846129708559,796.6418493167486,978.8647610812815,1594.9736963818264,6612.355210079026,432.7900747682033,1783.2037481185696,1259.2642135010121,1426.9727391404053,1163.5871390455015,705.0072973821092,2524.8682447336746,1435.0115399682147,7345.156438880398,1175.1804281378677,8785.474265404213,1753.3933835133996,2144.3551081785727,1852.0681970589014,3170.24672046182,3223.917736133277,997.3703031851295,3311.991232540974,2026.9581114078937,578.1866548971392,9552.002356069905,936.9087531987677,1503.9933258423675,959.4787215562848,1481.1135703012455,1101.1693145798056,1926.7925146829843,5989.661930772209,602.8333422515124
4157.310938362365,3015.8318383246633,2711.2942305393385,3382.7815776167436,1152.1682586507047,0.0,2452.287965352688,7468.439072108153,2314.9208838961954,2300.2894721717016,9672.365810748817,5998.863565088859,1287.7656427009892,1361.8561327718126,3436.1589436728923,8706.13925612347,1539.5268991114135,3467.9238140925136,546.9214020458713,11295.317299707076,8134.794721709482,5764.724209402004,1276.9234889665372,1624.7526881721867,1162.4013825356826,2249.583013091694,1320.2510546542144,12599.01125162665,2023.0835708227878,1222.9871753652733,4217.624675661908,10709.521852404529,10920.801090443754,2936.9929428778846,1682.7131802323038,10652.290408283476,8373.664839620085,398.5689357775947,6629.461360365217,2587.265128131385,2175.998179669415,6291.804347142109,9586.143728719795,1320.3263948280521,8532.81500705857,8863.038919206523,2541.0167294440394,2921.0266855955642,1475.3471282917028,1461.9640494548376,11440.95757947216,1680.9891075577755,2998.3052371348076,6029.773412526322,4334.93146021933,1766.8733515216393,2601.349370751164,2399.4970332906546,1415.28089758035,7800.109088538806,9555.317384056869,7995.360042992541,3101.7038506211356,1997.294254691857,6818.793090649399,1317.537592877039,1674.205938274473,1919.954975926117,2744.4064343530927,6856.20862685456,1572.8428152781976,1764.0707787639587,2409.9511452816087,2474.762753188366,2300.9009785694434,1087.1015020536536,3663.498124071571,2579.7757057587096,8113.058591153904,2326.243872474746,8601.574774395665,1922.3970160482484,1219.769920312898,2995.4919333911466,4321.987320158152,4375.676814565069,2103.2509222459025,3320.525307547298,3165.3618988560047,838.7723740907483,10372.035020961554,1615.9877855911868,2650.6176683444937,1286.3408269860402,2585.4103170629483,853.6052203009533,3069.0981495039364,6312.882941007333,1486.4239674684325
3597.966564596491,2509.876976177562,2137.8399611648965,1297.1014425288383,2181.7469767400216,2452.287965352688,0.0,9153.981271004226,1904.5044335123134,2332.6611015234175,10391.599264680872,7634.273435647041,2101.434432588853,1122.343281567447,1107.1771114459682,9366.415755234702,2108.6278445113253,2880.027636569679,2139.617671641004,11436.984823111128,10051.984123745098,4810.283147145793,2206.3040261571864,2875.693798234669,2003.4237531826823,2243.2678358237076,2848.0110222323183,11725.067890670276,1086.2821889597649,1815.633387448403,3644.9353120232313,9730.630989755198,10020.141397993464,2435.8802806567533,1731.2849327645777,11365.363673123684,9780.188297805618,2489.6642909890174,8297.061963771206,1964.5541583689649,554.3225486640604,7932.294735427592,7138.6925603047075,1485.4513643434198,10771.769006206507,11126.888831292901,2774.1448168185098,2320.2592031120034,2393.016288247773,2427.102980212539,11789.181586910014,1473.001902658318,2870.0947271033046,4060.1373312919613,3804.199111043788,1780.4816298670946,2377.1295548563853,1716.8541397213316,2636.6481539615543,9303.955570487095,11294.811439654992,9414.418066245058,2410.794415845952,1688.472451254257,8862.888092466788,1518.2479945333776,1520.3505007822343,1541.5548968904852,2803.090669246183,8770.678975659785,2105.04063528662,759.0560592994754,2586.441982276086,1843.5430404157628,2224.7477909499526,1555.6297344787115,2988.8944142414016,2776.5457222834643,9066.30006590745,2407.169934087445,10931.835376314086,531.0777887057933,2241.9416158817576,2615.2693965137178,3860.047681157782,3902.1511632841866,1996.0705579766848,1193.6796873719939,2657.628034209833,1823.0803665123055,11092.204657475044,1275.9574019446325,2794.4257502475048,1278.8949711239388,2119.8256662004014,1599.0644424715906,2644.404955217123,8128.49536134153,1639.4845692081826
6617.0311737615675,7050.797913314941,7295.361993326929,10436.856214184852,7065.790164751685,7468.439072108153,9153.981271004226,0.0,7360.134182058561,6895.503696201033,3388.731095452607,1521.3419893413436,7106.021346516822,8234.985044409848,10235.831030301275,3117.2127579076855,7055.71119374491,6940.77434106646,7391.267116214118,5409.774383207773,1174.70136299739,6988.458648785032,8703.903872090868,6322.9004892456705,7236.382260821637,6977.55625929058,6437.935341672221,8075.97016975825,8085.3460825176235,7409.654145295497,6616.523918048302,7641.488380771844,7510.2744680304895,7086.716591863178,7422.855993596869,4008.5267715521436,1200.243701709985,7767.826092773513,859.616648672583,7419.798969524505,9246.83855896006,1222.246287279471,13582.027111268751,8729.79439079241,2804.9538309735667,3125.786010438983,6478.981312845595,7216.447138485249,6790.120809497967,6760.556234014965,5135.760385072866,7681.962219025355,6585.057977046939,9395.444951515792,6504.293415515083,7374.7022263698655,6961.62315279187,7591.981978700637,6580.990570813048,650.7405127993219,2143.39470629407,958.9339932605234,7241.003622413648,7492.649335778722,1459.9980267619314,7701.2463192820305,7634.542651342442,7626.269534314855,6528.514730852968,975.9345611979164,7056.018615313074,8848.618475140996,6648.740580897371,7493.438253856992,7012.775947326877,7768.268405085546,6982.770143625478,6490.217613266047,2238.1933069886036,6821.821276179708,3435.050527868484,8801.619668876781,8638.254370124332,6904.5987528274845,6393.916504513053,6392.857520368838,7201.194416461034,10339.104563289211,6976.079139704317,7580.154615326239,3807.7818740612483,7890.333700351711,6497.206965994446,8024.168428477058,7245.930912088059,8053.583698545004,6919.851340949834,1191.0769883976893,7531.512545950418
1974.128751773792,765.9683094439475,403.8571063663093,3188.629742359559,1241.1357639966643,2314.9208838961954,1904.5044335123134,7360.134182058561,0.0,466.8079283345254,8513.39778585757,5858.257240837696,1083.7817530003974,1522.187192716116,2906.1485357179167,7488.017517653131,858.3867263875047,1226.5076947828309,1768.4171519142376,9710.187353498159,8341.710137380504,3504.0999709166385,3028.696810681883,1485.2138210868252,1167.4140134161646,391.85821930980654,1676.569735508167,10480.859041322654,846.8754582421872,1093.6114029157611,2031.8947194278226,8522.22825187844,8764.893373754774,680.1420670356856,637.4338975269036,9496.462787310675,7904.10707610628,2628.0532782148507,6515.8734927281075,276.1549778829403,2219.8226247511384,6150.093075516737,7968.274637126765,2429.169737553874,9299.785380890857,9674.269344729732,887.6669486238532,626.445130155039,1109.0544405589574,1148.4603050714518,10005.495922022215,741.9841457192651,994.0019632528491,3862.618279819373,2174.497517274226,548.6350363494714,482.93085577562044,241.04341388389224,1379.5408627131605,7453.215399590031,9480.722745980624,7544.38658298293,800.1235558171638,351.24586485389955,7270.276306238553,1094.0126625030323,720.791273680808,496.2957476635612,898.6651333042344,7094.140057510278,826.0925984420925,1980.4685948039141,711.5834600211034,201.9658171237118,348.48047346667477,1358.0267351910652,1404.8238628284328,883.2522548808781,7162.37529296682,539.2364829796376,9585.616491377612,1765.0472298101956,3017.425602319005,809.2803605461037,2194.5056698875587,2245.1503774679513,265.7978196771823,3081.677969072558,930.6779423094233,1510.3921109977928,9219.744749135389,951.7472085057632,893.4212807169556,1369.6854651397202,295.6329577113019,1869.6863002035714,865.7196698791813,6417.692436111727,856.5293026445742
1859.3562286349998,749.0717635747908,592.0907234010436,3626.1686911843244,1152.5210601712054,2300.2894721717016,2332.6611015234175,6895.503696201033,466.8079283345254,0.0,8136.198310483287,5392.081625942751,1012.5462196393756,1785.1398264123438,3360.38207417791,7112.923328797545,760.9363246245456,1177.0186219545628,1763.896624270784,9415.991556026062,7874.939894652612,3465.8573432698868,3189.590824328579,1152.0351087591337,1147.6442102049505,90.80199215820072,1406.8898207024854,10353.75250045663,1250.3731079667216,1150.0864545452632,1919.5871237377557,8427.62438410071,8652.545545705141,683.6149859317544,782.7318547420712,9124.820333520473,7455.3653801290175,2655.109428812284,6050.140345425061,609.1749030015045,2598.5912483811303,5684.289889938244,8351.523005265912,2662.6101117394433,8846.055331778256,9221.637578026144,442.2843217146623,719.4633560493555,896.2446582475936,927.5491652156835,9683.01699966769,996.5069179190756,724.2818873508136,4128.783373719219,2042.360400415163,688.241980671831,319.17495448909585,705.1500814906101,1118.784339908958,6996.521364415684,9018.903390770662,7093.211081984623,891.9142167979518,657.2383283466027,6809.3388398235975,1266.2087441191347,958.2528998624404,817.5146626320144,526.6630026863712,6628.443933412982,727.8949762707597,2313.8322951345617,253.9266830177774,628.7467435782427,118.49660531188756,1506.8496824455463,1376.05943826537,449.0987038687083,6750.33511138075,74.8401265010037,9144.268605128082,2132.829710253242,3168.2903125167804,701.1435398082476,2038.482091163907,2091.7496771959263,347.17099208053696,3520.4912823868303,880.6305297949093,1579.929629222445,8845.911038968812,1234.9916913425245,481.48995849518127,1599.1583676070693,469.7246826751165,2026.2593510416275,776.63618783889,5951.18151361392,1006.2770567630046
6900.53446899932,7885.470422168585,8253.76011342061,11609.430076515568,8841.121341476208,9672.365810748817,10391.599264680872,3388.731095452607,8513.39778585757,8136.198310483287,0.0,4199.539551232399,8805.811015556481,9878.300630176433,11225.434743951864,1025.6146830778341,8644.499267035468,7550.165625990145,9375.232751016676,2042.4911863676275,3933.261409132817,6292.4785906573225,10934.38390988913,8136.402270851622,8968.358418596026,8226.605748690903,8386.747995693504,4688.878164438353,9359.973649524709,9087.106497277335,6865.541173396456,4541.063429892831,4335.885421265066,7957.319826840951,8881.232195385212,993.9359726524345,2218.7127509645384,10051.707664547715,3823.2008095927,8427.609478540387,10729.85425747128,3996.482356616376,11473.36947487806,10658.217078847169,5448.352540840808,5600.309546307904,7703.038181061965,8075.903391448082,8485.628200001964,8473.302897386793,1888.2912161628176,9122.38563013231,7527.286933626831,8566.820833896294,6708.007270924186,8797.927476995612,8031.379803546835,8680.364756545152,8392.10864886567,2744.6706264465606,3158.906296841599,2435.0756550457168,8001.729237422097,8790.488820418761,4838.496164913644,9315.886960314718,9080.245268907363,8952.345237883117,7625.791302728597,4363.347205153063,8628.358677715487,10444.890985352595,7893.91635925371,8551.537078080319,8228.30140091461,9493.129992118154,7477.952270141764,7689.429654290184,1602.1447981824517,8066.2278126731535,6097.905417142042,10267.347722465916,10883.294967559548,7776.516814897625,6628.790297204514,6596.48108459455,8483.1327843685,11500.211019092061,7743.502807160508,9419.304071250812,712.2294810216895,9362.17968600457,7655.257565362379,9671.663383173332,8276.036046273633,9942.273005580051,7749.313195557873,4367.195241608074,9073.683019898272
5291.6962999340085,5593.87530806055,5815.350069272881,8915.68615934828,5547.542313937325,5998.863565088859,7634.273435647041,1521.3419893413436,5858.257240837696,5392.081625942751,4199.539551232399,0.0,5585.611909464047,6716.471314083217,8719.679918861259,3553.377629337333,5534.46966131969,5526.857501601172,5890.244936447764,6216.667701855363,2508.9653543037075,5937.355515989446,7254.801837589287,4803.060189570604,5717.2405606773455,5472.369109817837,4925.629067875547,8676.286672174025,6568.916294108935,5889.513980914617,5300.089533148889,7787.45972785279,7738.388353929008,5623.415898465306,5902.991365554025,5030.5261721730785,2398.9539736929974,6317.401400428744,662.7969426537375,5931.585437268548,7726.860194436873,299.82725955880574,12653.488772233923,7235.233962186579,3822.260178670525,4192.668840311168,4983.590992053035,5751.539435509052,5269.034632940047,5239.650510854091,6079.67121350615,6161.753716986635,5124.383745543601,8229.832487409052,5206.634075969056,5856.068067201252,5474.668479217697,6092.861968363335,5062.053766721213,1805.886620485296,3664.7295556456584,2027.826991667755,5790.484249060562,5978.9809501691525,1803.8889454275018,6180.502720755213,6114.3478407729535,6110.229643866183,5047.145505540182,1390.9764611628375,5534.921605950504,7330.737835389021,5148.421783605283,5998.664231666148,5509.997544313771,6251.029169498866,5590.344048814054,4997.336763640072,2664.562408388928,5319.069067339019,4341.080157821229,7280.54266696327,7191.195486159994,5445.902119759322,5094.802806975252,5102.349827608964,5691.048474049128,8818.157366675852,5532.200892259325,6068.213502211094,4782.153919946296,6369.224202229973,5008.940327108287,6505.051677620865,5758.284619868072,6549.083672518391,5467.419008769262,715.4980641403843,6010.209750946933
2870.6569091859446,1735.4787809078318,1458.012729128982,3343.7399534501865,157.65923656303337,1287.7656427009892,2101.434432588853,7106.021346516822,1083.7817530003974,1012.5462196393756,8805.811015556481,5585.611909464047,0.0,1139.238731056064,3208.6110339613338,7799.08536120705,251.85075906942697,2182.6560343673464,754.1447409868589,10247.815711725938,7960.925560442808,4477.440315054582,2260.6942311564894,784.3133583229903,165.1182835160824,963.1281549326588,764.6830925234511,11344.260808565206,1172.5494631124664,304.8460560209185,2930.9458918622354,9432.573777100644,9651.697977049174,1659.1221495595157,532.1077208411423,9799.599928174468,7834.157431274236,1646.5156769735183,6246.404851455717,1359.4561107023442,2141.4801410560503,5885.351084280075,8878.251089486685,1854.1571186411481,8691.924662647989,9053.457304546288,1285.82856821422,1655.093491505163,328.0407979424005,350.50866850557975,10463.592461713419,702.7452781348824,1717.4660699129465,4929.780615383883,3050.5805494777665,577.2063494570443,1315.6121208044801,1227.6318651864433,535.6448802315381,7315.063183865832,9248.63833346472,7458.850067060942,1836.8058148953744,831.6040128379233,6761.581066530528,596.2838587904355,664.6871698843138,831.1698662412393,1473.3951206404956,6675.65984379178,285.4037066595393,1753.743464946563,1136.5253080054238,1269.3137501270976,1016.511803377885,696.5807668016768,2379.515042557978,1320.5293021701061,7325.008930203031,1040.198795387714,8892.849938556652,1697.8422828019588,2229.628320089649,1708.8280021364183,3041.3433098833198,3094.919598631062,841.9201182560997,3250.981787623703,1881.2436103952891,633.2320645418293,9517.547926283902,835.7583111109672,1386.8868018497853,924.8873839153924,1326.5075756428394,1146.204810579723,1782.936473015089,6044.396552278663,482.87132035879364
3490.2237564272905,2283.6099486122785,1900.6836428373408,2249.789995024204,1169.208893772641,1361.8561327718126,1122.343281567447,8234.985044409848,1522.187192716116,1785.1398264123438,9878.300630176433,6716.471314083217,1139.238731056064,0.0,2187.6293719812584,8861.139676856903,1248.0124156693414,2737.1908137278438,1017.8128746760977,11200.395397259681,9058.955375340207,4963.436113972269,1560.2372050379656,1914.863281168877,999.7677437987105,1699.1763869528609,1812.781689435814,11969.766893469996,836.4336878251626,834.8951626554192,3546.9484003384296,9992.72164495779,10248.519867948848,2197.8228632443743,1007.9891904275473,10871.299229636214,8973.105646256738,1479.6195507658717,7375.652773922529,1728.807975787461,1017.3601558187726,7016.298146933466,8229.611066120935,909.0669508938024,9681.636059216002,10031.03117268101,2195.0796264276973,2125.6608383081343,1465.12552720971,1489.6420145584268,11465.584882552408,795.633398805858,2480.235580650407,4788.8099892444525,3692.8586596595064,1098.6365227481485,1974.8392755669956,1470.0358798433363,1654.463491980636,8453.736260128122,10375.392487998231,8597.97788470227,2280.8194503362092,1179.8103615150674,7821.687615231647,567.2957098564121,829.5089705676261,1026.0688546757217,2311.7261938998386,7769.695061868799,1259.7918579230347,615.186772631485,2008.397257148379,1589.8694160352495,1714.7653226251273,471.5932640757859,2903.3325456909306,2215.0042748228757,8431.866876938619,1847.8456839670139,9820.193922159877,618.9935701517921,1562.8640076604736,2330.839412637703,3715.9605058367574,3766.260068917249,1452.704466875763,2165.079998346362,2448.8206730266766,712.0137684356697,10590.33803992222,570.5329796021915,2260.5050559737756,214.88919341167775,1814.3269369184204,540.61494028194,2387.859253443027,7154.754992046273,804.8815137067462
4328.002396523495,3391.1392764018815,3058.950925411168,472.368613162377,3287.3042003114747,3436.1589436728923,1107.1771114459682,10235.831030301275,2906.1485357179167,3360.38207417791,11225.434743951864,8719.679918861259,3208.6110339613338,2187.6293719812584,0.0,10210.250921638659,3210.4160162918115,3683.7174744224485,3197.480242034395,12026.011104676698,11153.94781129304,5264.196307865845,2858.5031490395595,3981.801534132663,3108.966730776877,3274.454490293362,3953.154257427741,11854.394590447682,2150.778550491642,2921.700671523231,4365.320138044663,9902.874382305077,10217.493909719044,3329.5227778637704,2824.397454978281,12168.465716509161,10809.3284439599,3391.669032205866,9381.931008181133,2903.332410812203,1262.9555090687024,9016.319783851066,6264.738348902272,2249.1105308073074,11866.974960238782,12218.121617019326,3793.33820877219,3202.555676263581,3498.4427787376544,3532.9974789030143,12444.453314048757,2569.79472521467,3806.8181718604997,3931.3546441931626,4524.23420685023,2865.7834655293123,3349.641980799758,2689.166815227466,3743.7986292583632,10356.864217649054,12370.859679044186,10450.482272068755,3249.4149324193695,2744.2214731606637,9969.991751427586,2623.756802040219,2616.7764852884293,2609.653992824336,3787.6478050817873,9874.98257602025,3205.2683142387455,1673.1205265444958,3612.6971723907477,2803.4447625750117,3246.112133887207,2643.248805117143,3747.831446142243,3789.33354721153,10000.9949474656,3435.1050277459344,12004.173309214542,1568.6730921271585,2913.0854899585047,3517.627827811881,4599.423870472291,4633.607549860058,3040.6484289147315,392.48681835040185,3517.2856770316794,2899.361798843411,11906.050746605622,2381.2373729884935,3796.1538749068973,2365.3857533451837,3072.7638254918743,2596.148373116218,3530.4250547556435,9228.250743102235,2744.741103716145
5891.394889427902,6861.274569067601,7228.611086643236,10588.784349522792,7839.589744427497,8706.13925612347,9366.415755234702,3117.2127579076855,7488.017517653131,7112.923328797545,1025.6146830778341,3553.377629337333,7799.08536120705,8861.139676856903,10210.250921638659,0.0,7632.144602491661,6530.5844259808,8386.818290082992,2739.05341873132,3945.2734569413924,5379.895965708705,9956.49044921319,7145.795504968025,7962.482234228796,7203.227260998186,7406.590589762753,5129.039345623336,8334.673646340725,8076.712744945279,5858.146522525745,4526.468080463027,4393.971380414744,6932.720022601561,7861.413111954403,2012.1090888867243,2139.1105704170213,9091.696404269003,3318.9550863734207,7402.245528983359,9705.059671959101,3406.023676607613,11041.174994385328,9653.11598996506,5597.594248673066,5817.433789892392,6680.985174889293,7051.770181043222,7481.448508026043,7470.508685642969,2753.0881221971927,8100.9237403775915,6501.672279596497,7729.242298547457,5701.768077951239,7777.249339822958,7005.905386575179,7654.777080265107,7398.237490562312,2480.8022202726765,3575.606154671221,2193.2205133476614,6979.562305396257,7766.520862360532,4560.449133772769,8300.487569841443,8059.117982377342,7928.51682624145,6601.246842318915,4039.257257027637,7615.209549442224,9423.42476803926,6871.64481725022,7525.9887846631655,7204.233150626649,8482.710621768336,6462.605353171431,6666.765677250558,916.6814330424211,7043.279651128671,6262.532586486299,9243.129554341629,9907.810038050546,6751.538144366288,5619.7240845513215,5588.984624194371,7459.689807566336,10479.505942530146,6720.211089441472,8417.484550561705,1733.0306767196116,8340.77246100193,6631.748620167698,8655.822525225274,7250.453515144594,8939.849625895076,6724.859639769567,3874.1675321426355,8056.267524156499
2619.6478881925113,1485.4408458402988,1218.4617722549333,3381.2510633858215,398.6467762865306,1539.5268991114135,2108.6278445113253,7055.71119374491,858.3867263875047,760.9363246245456,8644.499267035468,5534.46966131969,251.85075906942697,1248.0124156693414,3210.4160162918115,7632.144602491661,0.0,1931.1387180505187,1003.8323251784088,10046.424749034331,7943.993378442599,4225.589734519952,2481.7761322271176,785.086054028655,393.1152704323831,711.5430202378795,868.923824994114,11100.154846613517,1100.569028732934,449.2519753218051,2679.9196795809485,9183.917892066052,9404.850148490994,1409.9490515714026,407.5957230772919,9638.34567444523,7743.869144835577,1895.9205741006112,6196.983944574997,1131.0398702440664,2213.690245631741,5833.48070080443,8736.857715253951,2032.6419968529917,8736.756306411751,9102.640709710884,1052.27921457895,1410.0072998429087,307.7154475175476,347.9222327952552,10275.791344623498,643.979285829093,1469.6081855729285,4718.8171375959155,2800.51656099221,411.94787774761977,1064.1386352429688,1025.6531986910677,588.2034090795148,7238.47764045487,9198.903225244701,7370.930416931181,1591.6024799888312,652.5410311649423,6774.656152919563,680.8993797989168,598.1680454695704,694.3133705223329,1230.799913476639,6664.728583176969,34.14802656931859,1850.2463586523347,894.3298471337464,1051.790449066635,765.7113723547437,852.5956116564148,2128.253138465369,1084.6210704641683,7184.941872743186,790.2078023399816,8962.346356705004,1754.416261369838,2453.947126772236,1457.0704499713415,2792.6600173805637,2846.1759368368785,605.0767153398527,3284.230181406344,1630.0543286184202,850.8088969199032,9356.713876900341,835.3411657961585,1148.274051105156,1035.242873375482,1085.5316986910611,1342.7646895427858,1531.2725990981685,6019.8745113037585,476.3445787463343
754.316588765215,463.03622286087443,836.5073963549786,4059.3561080009235,2327.0965740382085,3467.9238140925136,2880.027636569679,6940.77434106646,1226.5076947828309,1177.0186219545628,7550.165625990145,5526.857501601172,2182.6560343673464,2737.1908137278438,3683.7174744224485,6530.5844259808,1931.1387180505187,0.0,2925.4723347928425,8576.335976742006,8029.759933428388,2299.1797344943548,4255.157156075228,2232.332289902093,2306.747509098008,1219.5965009293388,2531.9832546857897,9254.673972072618,1976.2149069512989,2277.235681467918,810.1728687201493,7300.262988171604,7539.754214660622,547.8842674102784,1843.1158823879232,8508.560830711,7273.145098415509,3810.23268659194,6148.671200969241,1010.5044217753124,3305.3562312526324,5794.8725424275835,7623.1485816600625,3646.2569268348434,9239.492192058678,9619.561123879093,1106.7939938053555,612.0963020856086,2066.1970020978592,2094.5784007207253,8911.565536489805,1968.2038986707223,617.785487936925,3184.4064492450434,959.4394036740911,1747.2089641647037,867.0448971793825,1275.8485616037665,2261.972613037009,6906.54646195299,8966.696919207103,6940.7864800436,475.6144602106282,1577.7205486860123,7153.124875576946,2317.0703774895487,1947.1780402912725,1718.2231418819295,881.5621975981189,6873.875906585123,1897.3530395489206,3138.3180356087178,1141.7496734666465,1150.254164977762,1167.0314481263993,2579.1329039275392,200.19830437672047,1061.994108256571,6336.216966629702,1165.4717980565922,9635.315229589822,2886.6552117457845,4243.415225310087,475.9039983059137,995.3327762253091,1042.2923644987757,1380.029695419602,3950.1743227842044,303.8020107765019,2706.939116820094,8240.201994514327,2170.0607814902946,989.8510456931873,2594.253140251815,930.9178638920588,3094.5363136514634,400.48475810762284,6173.869805303536,2070.9301360973323
3623.1828034438827,2471.3482851621607,2164.375178469318,3220.019170872084,633.1139933918363,546.9214020458713,2139.617671641004,7391.267116214118,1768.4171519142376,1763.896624270784,9375.232751016676,5890.244936447764,754.1447409868589,1017.8128746760977,3197.480242034395,8386.818290082992,1003.8323251784088,2925.4723347928425,0.0,10911.390400808297,8142.919483672644,5223.871431470068,1581.4667434759126,1241.2236888900825,618.7826854457476,1709.5312397213968,1000.3152717539406,12094.654070236482,1536.7482955841958,678.5228399927648,3683.431804535507,10186.695688280806,10404.97358912485,2391.894408744306,1138.1278445563776,10364.641215157208,8222.880981441303,892.3732664978842,6538.277901802126,2041.3237058554375,1978.1398622075155,6188.2061579058745,9210.625610850093,1349.4138663915453,8683.499187932184,9028.319574162373,2030.9458907812743,2374.370892157237,983.898172921048,978.862698667764,11093.518747464454,1155.6532203972065,2471.560640477455,5515.4042388091475,3804.308304416237,1220.8231757464873,2060.0414902161924,1858.6953062799423,994.2760003531602,7670.8133817700445,9513.134765806044,7844.148050924288,2554.935237642477,1454.5116379337471,6868.880756012727,809.9591552556221,1144.033148178657,1385.1804872131675,2225.171712581711,6853.948330138472,1036.3755479531767,1552.3164137862705,1888.6298198308261,1930.4747084399407,1759.0802405932745,622.8791983423631,3120.105209719079,2067.5381148083534,7848.018133652828,1793.8920800537376,8806.85213696878,1631.8935041379323,1540.1606885026777,2454.7446118608254,3795.487576527247,3849.0643366904546,1556.9154001407576,3143.728366434314,2622.3564368430925,342.59088353053664,10082.711966790916,1124.6763250911968,2135.901566600589,876.7596783869776,2038.5729259276602,665.883450241918,2527.712783487656,6269.161537779938,949.5216801533047
7842.277085034827,8987.870631448204,9377.951323223571,12474.980415154256,10316.581689944884,11295.317299707076,11436.984823111128,5409.774383207773,9710.187353498159,9415.991556026062,2042.4911863676275,6216.667701855363,10247.815711725938,11200.395397259681,12026.011104676698,2739.05341873132,10046.424749034331,8576.335976742006,10911.390400808297,0.0,5811.061901160425,6765.963849200197,12491.287415422132,9684.031913058512,10412.71833859965,9501.340065187105,9975.682204107474,2723.0840339872566,10533.626077512852,10494.824639380002,7793.875857959691,3194.3525313609694,2896.163069754088,9069.877269481889,10197.255704529793,1537.5161226619466,4218.314118187169,11691.147928491017,5864.577192479238,9558.221029914508,11881.686761761577,6027.193558998197,10333.607528690563,12069.368905454558,7141.999433799955,7212.15094529871,9019.296269904868,9168.885067232726,9951.878103387648,9948.620440443137,585.9071987591759,10406.70040954771,8726.00527583918,8601.38197601181,7635.289957777856,10103.978331461147,9237.121816041434,9825.736293155118,9919.103202314403,4773.989735035345,4718.599658096359,4465.892651126244,9051.699962269991,10033.366578216583,6841.821600793566,10672.325407825074,10371.240134988811,10193.817437394368,8889.35193162533,6385.593887053454,10023.709843444827,11689.400724744983,9200.626786401917,9694.90080101896,9486.198421547968,10890.939708172546,8453.077037828116,8995.24917211463,3563.090432414718,9354.9729832179,7746.004934026016,11455.601611715068,12451.51309109567,8910.852736119632,7584.598746587716,7540.512942675653,9748.495995102197,12372.185284442297,8828.056497337351,10880.86267721243,1649.8745845806832,10640.383258024998,8944.964690207456,11014.129719127144,9434.870656357307,11388.627701814623,8865.141985845179,6409.614857525619,10414.590272197996
7750.63614446517,8102.614310736186,8317.910967816844,11301.939273705662,7899.983230724539,8134.794721709482,10051.984123745098,1174.70136299739,8341.710137380504,7874.939894652612,3933.261409132817,2508.9653543037075,7960.925560442808,9058.955375340207,11153.94781129304,3945.2734569413924,7943.993378442599,8029.759933428388,8142.919483672644,5811.061901160425,0.0,8163.1355891775165,9302.678834781203,7179.474836503997,8076.153557519447,7952.152152831661,7246.272203298757,8534.044894780573,9013.563478636313,8258.063179263494,7753.300719690727,8419.799990408754,8244.028405459148,8131.396934035492,8330.650980387049,4294.95030698193,1807.7679470211476,8387.547721310866,1882.7089103829571,8428.959148617521,10075.906408532464,2235.028908092415,14725.164341365891,9441.139710050502,1694.6996541060423,1982.9186282472385,7477.336680072635,8259.155845557392,7660.040865994165,7626.825583158056,5424.447292548064,8584.208970873698,7632.951229066679,10567.663987148811,7646.884016476064,8293.303095358782,7973.872095276101,8579.239385804802,7426.217679680745,1582.7140711219508,1510.6339152503851,1802.6541092737887,8299.447684243047,8437.16081192632,1372.5902547839107,8555.538524188854,8537.281044655358,8559.103960103144,7550.279416765971,1289.997722553497,7948.737306291962,9661.215359001699,7636.342548419838,8490.204146435166,7993.371149741508,8587.376260768979,8085.7065783097605,7493.262382561753,3165.284967312773,7803.169643200357,2351.9993871513757,9653.318001253183,9234.052575945134,7954.540690095565,7535.766653261922,7537.281273244322,8160.180010871547,11211.067511031155,8040.908431632383,8371.718139604094,4161.441249268694,8776.213150020056,7508.27042264898,8855.625418378344,8256.430314045387,8808.136001522043,7976.374880610698,1928.3374953599362,8412.863794618417
1629.3339398768435,2757.985787428979,3101.104041634639,5720.3059977291105,4618.222968864987,5764.724209402004,4810.283147145793,6988.458648785032,3504.0999709166385,3465.8573432698868,6292.4785906573225,5937.355515989446,4477.440315054582,4963.436113972269,5264.196307865845,5379.895965708705,4225.589734519952,2299.1797344943548,5223.871431470068,6765.963849200197,8163.1355891775165,0.0,6514.2677217932915,4412.279200037793,4605.094499849619,3515.182245296056,4738.366274804785,7008.985380123201,4145.866829584687,4575.149581754714,1569.9177191199476,5029.614488658067,5286.856678946992,2840.287590704527,4134.5040820833065,7117.313400978579,6841.373057912991,6109.40698072667,6400.708676834742,3256.8287858540266,5325.46975603957,6120.160474035225,6716.135874726003,5861.830538800612,9716.759492910523,10070.581126743722,3292.4224198438683,2877.7526499456076,4334.414301460759,4358.5453818820615,7208.727621456876,4234.848535593281,2795.7762725775433,2446.2504058476534,1482.894582133015,4040.1072756019494,3163.881185204204,3501.2953475265394,4496.245344849112,6698.41886314608,8606.294226220778,6607.012496163331,2705.7675071457525,3852.2349879940493,7740.199857906751,4597.207659086325,4219.616291775859,3978.614950031682,3067.757333673474,7308.113178257799,4192.113070364965,5263.760391416411,3384.9561695229113,3390.619985239914,3464.7925505749554,4861.785271524083,2107.321502127984,3248.5806882112556,5557.632410083634,3444.711539012188,10272.049798796572,4979.791154331094,6508.609096698192,2769.358996086658,1532.7263896791114,1482.4541200250567,3677.5255162360445,5620.334493059756,2602.8600143851468,5003.511827507488,6888.552586093221,4414.497852299543,3172.9491629918466,4846.382981906486,3213.0454239843425,5368.769563705221,2696.1626062534156,6652.845078384776,4359.192612836873
