0.0,482.93085577562044,429.9765529730858,1460.655482824093,319.17495448909585,1315.6121208044801,10085.30153873687,1329.6286311014007,1422.0505721451593,8377.59190069899,458.2394725643367,5762.054156815669,1246.7103196307842,9526.189253001634,512.8845584370001,1764.684311974792,664.420257000122,9066.892665272759,1496.254482482131,1149.8607401249226,1030.3275824585885,546.2019396202064,394.84613030621415,1770.7028463123972,284.323318697925
482.93085577562044,0.0,765.9683094439475,1241.1357639966643,466.8079283345254,1083.7817530003974,10480.859041322654,846.8754582421872,1093.6114029157611,8764.893373754774,276.1549778829403,6150.093075516737,1148.4603050714518,10005.495922022215,994.0019632528491,2174.497517274226,241.04341388389224,9480.722745980624,1094.0126625030323,720.791273680808,826.0925984420925,201.9658171237118,809.2803605461037,2194.5056698875587,295.6329577113019
429.9765529730858,765.9683094439475,0.0,1883.6572076534749,749.0717635747908,1735.4787809078318,9716.905701958865,1546.8499981834398,1817.1668998590326,8002.538684784248,570.9082940774442,5873.114393048473,1676.6129590529367,9305.44317369263,470.1773670803962,1409.5466922798985,839.0448024343449,9122.659144138255,1854.2940375540825,1485.7728605235832,1451.3772757884894,709.1236015453673,148.7705814086912,1433.5600586850508,470.62684824755144
1460.655482824093,1241.1357639966643,1883.6572076534749,0.0,1152.5210601712054,157.65923656303337,11462.164612035152,1296.8184372844792,366.57748718696854,9774.922932790141,1516.6619932001483,5847.3632516271855,370.19493422379327,10519.91307519844,1846.2966304021368,3182.7747756921576,1384.5602220941616,9206.285746011707,663.5846129708559,796.6418493167486,432.7900747682033,1426.9727391404053,1852.0681970589014,3170.24672046182,1481.1135703012455
319.17495448909585,466.8079283345254,749.0717635747908,1152.5210601712054,0.0,1012.5462196393756,10353.75250045663,1250.3731079667216,1150.0864545452632,8652.545545705141,609.1749030015045,5684.289889938244,927.5491652156835,9683.01699966769,724.2818873508136,2042.360400415163,705.1500814906101,9018.903390770662,1266.2087441191347,958.2528998624404,727.8949762707597,628.7467435782427,701.1435398082476,2038.482091163907,469.7246826751165
1315.6121208044801,1083.7817530003974,1735.4787809078318,157.65923656303337,1012.5462196393756,0.0,11344.260808565206,1172.5494631124664,304.8460560209185,9651.697977049174,1359.4561107023442,5885.351084280075,350.50866850557975,10463.592461713419,1717.4660699129465,3050.5805494777665,1227.6318651864433,9248.63833346472,596.2838587904355,664.6871698843138,285.4037066595393,1269.3137501270976,1708.8280021364183,3041.3433098833198,1326.5075756428394
10085.30153873687,10480.859041322654,9716.905701958865,11462.164612035152,10353.75250045663,11344.260808565206,0.0,11154.770661545235,11502.557443843367,1722.1926788444246,10249.280401626627,8534.972571188133,11137.132644718919,3152.967775751341,9632.729726508316,8320.788884702173,10501.94822028175,7397.373068168761,11570.76524900559,11201.650314485754,11069.357439391937,10386.215331796499,9697.472444837735,8316.88137514433,10185.437386893545
1329.6286311014007,846.8754582421872,1546.8499981834398,1296.8184372844792,1250.3731079667216,1172.5494631124664,11154.770661545235,0.0,958.1297161581097,9432.589394622197,975.9606003046639,6865.555203326465,1444.3834198862614,10841.97421107498,1838.7443636822566,2934.806373356839,708.0215338876455,10222.234574858314,729.6106895087344,510.7753445246868,1088.2956955352931,838.7329562688143,1624.3008915022144,2970.415211704859,1102.4312917066245
1422.0505721451593,1093.6114029157611,1817.1668998590326,366.57748718696854,1150.0864545452632,304.8460560209185,11502.557443843367,958.1297161581097,0.0,9798.199188361476,1364.6146011007093,6189.283874340963,654.8682980096097,10724.922712666288,1873.84706028188,3184.9003803404203,1181.1206419902553,9551.976244318908,298.45145120046305,489.6987287823985,471.11986656566086,1252.0928531664106,1815.1063347824959,3185.787340128535,1370.8323195229004
8377.59190069899,8764.893373754774,8002.538684784248,9774.922932790141,8652.545545705141,9651.697977049174,1722.1926788444246,9432.589394622197,9798.199188361476,0.0,8530.361415838945,7664.1005041714625,9460.787343345432,3474.653243175798,7935.2833762035125,6613.362513938986,8781.670715399181,7433.086971922142,9856.812964270912,9485.496715580679,9373.387600904067,8666.82483002856,7987.46471154034,6614.073087030612,8469.814695548019
458.2394725643367,276.1549778829403,570.9082940774442,1516.6619932001483,609.1749030015045,1359.4561107023442,10249.280401626627,975.9606003046639,1364.6146011007093,8530.361415838945,0.0,6219.489223069408,1408.804865623036,9872.105593628594,909.9011570349996,1969.3273143493013,268.2079027397856,9524.568256693796,1343.785975593967,964.0503082107999,1098.260510093374,139.78771871092172,655.486089837214,1999.4722680149143,173.93139955932486
5762.054156815669,6150.093075516737,5873.114393048473,5847.3632516271855,5684.289889938244,5885.351084280075,8534.972571188133,6865.555203326465,6189.283874340963,7664.1005041714625,6219.489223069408,0.0,5539.286623648814,5865.953146524626,5404.308962877805,5445.159245542348,6383.930698785341,3365.490969970647,6480.174346593175,6412.595065655376,5833.7732987809295,6288.449541005932,5725.515294536216,5333.425070229289,6045.969663699122
1246.7103196307842,1148.4603050714518,1676.6129590529367,370.19493422379327,927.5491652156835,350.50866850557975,11137.132644718919,1444.3834198862614,654.8682980096097,9460.787343345432,1408.804865623036,5539.286623648814,0.0,10149.820590420386,1564.6195959321471,2900.0078719571356,1341.0207996263473,8903.645803407968,941.0355586615163,936.843586151369,367.1504406818332,1348.9822533076347,1620.5708478781594,2878.6298518925155,1333.0279358499379
9526.189253001634,10005.495922022215,9305.44317369263,10519.91307519844,9683.01699966769,10463.592461713419,3152.967775751341,10841.97421107498,10724.922712666288,3474.653243175798,9872.105593628594,5865.953146524626,10149.820590420386,0.0,9013.3059145585,7987.788379581207,10137.314238677156,4244.987848059866,10922.01932008572,10641.266625039741,10255.311534315255,10006.091860867758,9218.673193867766,7929.420541745262,9739.548516958088
512.8845584370001,994.0019632528491,470.1773670803962,1846.2966304021368,724.2818873508136,1717.4660699129465,9632.729726508316,1838.7443636822566,1873.84706028188,7935.2833762035125,909.9011570349996,5404.308962877805,1564.6195959321471,9013.3059145585,0.0,1337.912440239504,1153.9380437591103,8664.539875500199,1982.858035117656,1651.7049116387705,1438.105584111329,1026.5543022939821,321.68153437507,1324.1734784859173,750.2710508634813
1764.684311974792,2174.497517274226,1409.5466922798985,3182.7747756921576,2042.360400415163,3050.5805494777665,8320.788884702173,2934.806373356839,3184.9003803404203,6613.362513938986,1969.3273143493013,5445.159245542348,2900.0078719571356,7987.788379581207,1337.912440239504,0.0,2235.2236883309947,8414.117481840456,3253.655661232904,2891.694357157829,2768.1566517902916,2109.115028064738,1377.5387538459015,111.83178801010516,1879.8627460258722
664.420257000122,241.04341388389224,839.0448024343449,1384.5602220941616,705.1500814906101,1227.6318651864433,10501.94822028175,708.0215338876455,1181.1206419902553,8781.670715399181,268.2079027397856,6383.930698785341,1341.0207996263473,10137.314238677156,1153.9380437591103,2235.2236883309947,0.0,9708.785517605258,1119.2105139837654,739.266064645632,995.9966206689571,131.22245759745624,918.7191478653303,2266.8314238685953,404.34591930240094
9066.892665272759,9480.722745980624,9122.659144138255,9206.285746011707,9018.903390770662,9248.63833346472,7397.373068168761,10222.234574858314,9551.976244318908,7433.086971922142,9524.568256693796,3365.490969970647,8903.645803407968,4244.987848059866,8664.539875500199,8414.117481840456,9708.785517605258,0.0,9844.14227573257,9776.326558017056,9199.010481282623,9605.485238494144,8979.533172997164,8308.252989463084,9350.769443849005
1496.254482482131,1094.0126625030323,1854.2940375540825,663.5846129708559,1266.2087441191347,596.2838587904355,11570.76524900559,729.6106895087344,298.45145120046305,9856.812964270912,1343.785975593967,6480.174346593175,941.0355586615163,10922.01932008572,1982.858035117656,3253.655661232904,1119.2105139837654,9844.14227573257,0.0,380.8387355337375,692.5207846145547,1215.2125724478078,1876.3039645245838,3265.0018655609806,1387.8656786928748
1149.8607401249226,720.791273680808,1485.7728605235832,796.6418493167486,958.2528998624404,664.6871698843138,11201.650314485754,510.7753445246868,489.6987287823985,9485.496715580679,964.0503082107999,6412.595065655376,936.843586151369,10641.266625039741,1651.7049116387705,2891.694357157829,739.266064645632,9776.326558017056,380.8387355337375,0.0,590.0383398564021,834.500023667313,1517.7109676734053,2907.740417934321,1016.2734028210145
1030.3275824585885,826.0925984420925,1451.3772757884894,432.7900747682033,727.8949762707597,285.4037066595393,11069.357439391937,1088.2956955352931,471.11986656566086,9373.387600904067,1098.260510093374,5833.7732987809295,367.1504406818332,10255.311534315255,1438.105584111329,2768.1566517902916,995.9966206689571,9199.010481282623,692.5207846145547,590.0383398564021,0.0,1020.2353000026864,1423.4246717125775,2760.779575884341,1051.66951338277
546.2019396202064,201.9658171237118,709.1236015453673,1426.9727391404053,628.7467435782427,1269.3137501270976,10386.215331796499,838.7329562688143,1252.0928531664106,8666.82483002856,139.78771871092172,6288.449541005932,1348.9822533076347,10006.091860867758,1026.5543022939821,2109.115028064738,131.22245759745624,9605.485238494144,1215.2125724478078,834.500023667313,1020.2353000026864,0.0,787.5119276690292,2139.0627588874504,276.3035523470213
394.84613030621415,809.2803605461037,148.7705814086912,1852.0681970589014,701.1435398082476,1708.8280021364183,9697.472444837735,1624.3008915022144,1815.1063347824959,7987.46471154034,655.486089837214,5725.515294536216,1620.5708478781594,9218.673193867766,321.68153437507,1377.5387538459015,918.7191478653303,8979.533172997164,1876.3039645245838,1517.7109676734053,1423.4246717125775,787.5119276690292,0.0,1390.141624876303,524.3695825135712
1770.7028463123972,2194.5056698875587,1433.5600586850508,3170.24672046182,2038.482091163907,3041.3433098833198,8316.88137514433,2970.415211704859,3185.787340128535,6614.073087030612,1999.4722680149143,5333.425070229289,2878.6298518925155,7929.420541745262,1324.1734784859173,111.83178801010516,2266.8314238685953,8308.252989463084,3265.0018655609806,2907.740417934321,2760.779575884341,2139.0627588874504,1390.141624876303,0.0,1901.6504606102762
284.323318697925,295.6329577113019,470.62684824755144,1481.1135703012455,469.7246826751165,1326.5075756428394,10185.437386893545,1102.4312917066245,1370.8323195229004,8469.814695548019,173.93139955932486,6045.969663699122,1333.0279358499379,9739.548516958088,750.2710508634813,1879.8627460258722,404.34591930240094,9350.769443849005,1387.8656786928748,1016.2734028210145,1051.66951338277,276.3035523470213,524.3695825135712,1901.6504606102762,0.0
