0.0,485.04,547.36,429.61,355.39,1762.56,1820.88,459.01
485.04,0.0,201.8858167990172,766.2969558875496,404.11322549187696,2174.835551538364,2245.4975083365593,276.2764842898978
547.36,201.8858167990172,0.0,709.1236015453673,318.23225213376264,2109.115028064738,2187.8851051370384,139.78771871092172
429.61,766.2969558875496,709.1236015453673,0.0,390.9414075432233,1409.5466922798983,1483.3063686533842,570.9082940774442
355.39,404.11322549187696,318.23225213376264,390.9414075432233,0.0,1793.6383863657313,1870.8545081108346,180.27121508773743
1762.56,2174.835551538364,2109.115028064738,1409.5466922798983,1793.6383863657313,0.0,117.11428013720473,1969.3273143493013
1820.88,2245.4975083365593,2187.8851051370384,1483.3063686533842,1870.8545081108346,117.11428013720473,0.0,2048.221726374204
459.01,276.2764842898978,139.78771871092172,570.9082940774442,180.27121508773743,1969.3273143493013,2048.221726374204,0.0
