0.0,485.04,547.36,429.61,355.39,1762.56
485.04,0.0,201.8858167990172,766.2969558875496,404.11322549187696,2174.835551538364
547.36,201.8858167990172,0.0,709.1236015453673,318.23225213376264,2109.115028064738
429.61,766.2969558875496,709.1236015453673,0.0,390.9414075432233,1409.5466922798983
355.39,404.11322549187696,318.23225213376264,390.9414075432233,0.0,1793.6383863657313
1762.56,2174.835551538364,2109.115028064738,1409.5466922798983,1793.6383863657313,0.0
