0.0,74.32968533333333,59.33686488888888,57.69184955555556,65.36214416666665,108.769536
74.32968533333333,0.0,25.90464210620456,98.32611673311777,51.85311500694771,279.060399069726
59.33686488888888,25.90464210620456,0.0,90.99001305962456,40.83344104545686,270.6275796344134
57.69184955555556,98.32611673311777,90.99001305962456,0.0,50.16299513989613,180.86363457540799
65.36214416666665,51.85311500694771,40.83344104545686,50.16299513989613,0.0,230.14772014920823
108.769536,279.060399069726,270.6275796344134,180.86363457540799,230.14772014920823,0.0
